##TITLE= Parameter file, TopSpin 3.6.3
##JCAMPDX= 5.0
##DATATYPE= Parameter Values
##NPOINTS= 3	$$ modification sequence number
##ORIGIN= Bruker BioSpin GmbH
##OWNER= nmrsu
$$ 2021-09-30 20:14:32.988 +0100  nmrsu@CZC943CYQC
$$ D:/NMR/data/Cmacgregor/nmr/CMM3-062A/4/pdata/1/clevels
$$ process C:\Bruker\TopSpin3.6.3\prog\au\bin\clev.exe
##$LEVELS= (0..255)
-3199.70321051274 -2946.71539783022 -2713.73032576301 -2499.16645713002
-2301.56730060777 -2119.59152385156 -1952.00384833284 -1797.66666408554
-1655.53230744112 -1524.63594933244 -1404.08904589106 -1293.07330687989
-1190.83514101785 -1096.6805404906 -1009.9703699227 -930.116027832031 930.116027832031
1009.9703699227 1096.6805404906 1190.83514101785 1293.07330687989 1404.08904589106
1524.63594933244 1655.53230744112 1797.66666408554 1952.00384833284 2119.59152385156
2301.56730060777 2499.16645713002 2713.73032576301 2946.71539783022 3199.70321051274
0 0 0 0 0 0 0 0 0 0 0 0 0 0 0 0 0 0 0 0 0 0 0 0 0 0 0 0 0 0 0 0 0 0 0 0
0 0 0 0 0 0 0 0 0 0 0 0 0 0 0 0 0 0 0 0 0 0 0 0 0 0 0 0 0 0 0 0 0 0 0 0
0 0 0 0 0 0 0 0 0 0 0 0 0 0 0 0 0 0 0 0 0 0 0 0 0 0 0 0 0 0 0 0 0 0 0 0
0 0 0 0 0 0 0 0 0 0 0 0 0 0 0 0 0 0 0 0 0 0 0 0 0 0 0 0 0 0 0 0 0 0 0 0
0 0 0 0 0 0 0 0 0 0 0 0 0 0 0 0 0 0 0 0 0 0 0 0 0 0 0 0 0 0 0 0 0 0 0 0
0 0 0 0 0 0 0 0 0 0 0 0 0 0 0 0 0 0 0 0 0 0 0 0 0 0 0 0 0 0 0 0 0 0 0 0
0 0 0 0 0 0 0 0
##$LEVSIGN= 0
##$MAXLEV= 16
##$METHOD= 0
##$NEGBASE= -930.116027832031
##$NEGINCR= 1.0858541727066
##$POSBASE= 930.116027832031
##$POSINCR= 1.0858541727066
##END=
