##TITLE= Parameter file, TopSpin 3.6.3
##JCAMPDX= 5.0
##DATATYPE= Parameter Values
##NPOINTS= 3	$$ modification sequence number
##ORIGIN= Bruker BioSpin GmbH
##OWNER= nmrsu
$$ 2021-09-30 21:08:49.588 +0100  nmrsu@CZC943CYQC
$$ D:/NMR/data/Cmacgregor/nmr/CMM3-062G/14/pdata/1/clevels
$$ process C:\Bruker\TopSpin3.6.3\prog\au\bin\clev.exe
##$LEVELS= (0..255)
-6777.53228569707 -6053.41698185911 -5406.66655820903 -4829.01530809103
-4313.08063752725 -3852.26871297005 -3440.69018970067 -3073.08494385253
-2744.75484610682 -2451.5037178837 -2189.58370264726 -1955.64736693005
-1746.7049189106 -1560.08599778183 -1393.40554556456 -1244.53332519531
1244.53332519531 1393.40554556456 1560.08599778183 1746.7049189106 1955.64736693005
2189.58370264726 2451.5037178837 2744.75484610682 3073.08494385253 3440.69018970067
3852.26871297005 4313.08063752725 4829.01530809103 5406.66655820903 6053.41698185911
6777.53228569707 0 0 0 0 0 0 0 0 0 0 0 0 0 0 0 0 0 0 0 0 0 0 0 0 0 0 0
0 0 0 0 0 0 0 0 0 0 0 0 0 0 0 0 0 0 0 0 0 0 0 0 0 0 0 0 0 0 0 0 0 0 0 0
0 0 0 0 0 0 0 0 0 0 0 0 0 0 0 0 0 0 0 0 0 0 0 0 0 0 0 0 0 0 0 0 0 0 0 0
0 0 0 0 0 0 0 0 0 0 0 0 0 0 0 0 0 0 0 0 0 0 0 0 0 0 0 0 0 0 0 0 0 0 0 0
0 0 0 0 0 0 0 0 0 0 0 0 0 0 0 0 0 0 0 0 0 0 0 0 0 0 0 0 0 0 0 0 0 0 0 0
0 0 0 0 0 0 0 0 0 0 0 0 0 0 0 0 0 0 0 0 0 0 0 0 0 0 0 0 0 0 0 0 0 0 0 0
0 0 0 0 0 0 0 0 0 0 0 0 0 0 0 0 0
##$LEVSIGN= 0
##$MAXLEV= 16
##$METHOD= 0
##$NEGBASE= -1244.53332519531
##$NEGINCR= 1.1196209192276
##$POSBASE= 1244.53332519531
##$POSINCR= 1.1196209192276
##END=
